0
176
1156
1710
1981
2061
2148
2699
3544
5271
6686
6711
8672
10997
11354
11632
14093
17220
17475
17784
17800
20617
21087
21827
22352
22770
23097
23265
23311
25168
30902
33028
33876
34516
34795
35133
36155
37138
37836
40013
40232
40553
42451
43027
43520
43829
44013
45191
45860
45891
47563
48200
50559
51874
52684
53267
54103
55321
55735
56556
57418
57937
58832
58924
59554
60128
61533
64603
64679
68988
69333
69894
71107
71690
72933
73181
74665
75075
75812
76824
77169
77285
80416
81078
81253
83114
83288
85745
86492
86714
86791
87285
87776
88197
88335
88852
89088
90535
90806
92142
92229
94509
94966
95393
96530
96949
97561
97624
98198
98430
99094
99937
100220
100303
103284
103827
105349
105681
109541
110002
110552
112985
113875
114041
114355
114599
115372
115919
116331
117120
118944
119008
122069
122696
123712
124068
125011
125156
125330
125483
125978
126751
127477
127507
129717
131089
131631
131821
132141
134021
134730
136432
136575
137667
139017
139660
143951
144679
145546
147328
149038
149050
149569
151092
152715
155092
155989
156521
156759
157554
158096
158712
159742
159890
160143
161481
161726
162045
164385
164425
166027
167142
167937
167962
170946
171008
174266
175637
177288
180834
181796
181994
183777
185225
185314
188705
189747
190607
191088
192508
194006
195396
195446
196147
197557
198720
200014
200028
200348
201523
202713
202828
203382
204400
204704
205250
206180
207412
208235
209340
209508
209667
211986
212093
212160
212790
214208
214919
215989
217910
221229
221818
221819
223257
224520
226118
226333
229400
230352
230676
233982
234181
234799
235128
235292
235390
237759
238731
239808
240622
241219
243012
244009
245172
246143
247200
247553
248699
251003
252766
253685
254186
254363
254728
256162
258452
260579
261618
261972
262652
262763
263075
263707
264122
264154
264536
267700
268969
270047
270278
270686
271747
272046
273055
273993
274980
275096
275693
278381
278581
278711
284910
285482
285499
287928
289411
289747
290367
290659
290994
291117
294909
296406
297262
297455
297796
301540
304073
304217
305242
305465
305595
307787
309614
310670
310915
311638
312051
313681
314724
314956
315212
315870
315951
316915
318067
318275
319407
319482
320174
320323
321078
321579
321835
322660
322744
322975
323628
324341
324958
325170
325734
325769
325912
326499
326585
328668
329543
329756
330367
333797
334215
335254
336391
337332
337599
338412
341010
341032
341368
342775
343728
343850
343889
345255
345586
345748
345943
346093
346135
346554
346711
347743
349383
349840
350754
350820
352175
353453
354858
357557
357914
357934
358134
361039
363636
364437
364621
365309
366337
366834
367577
368417
372416
374570
375969
377774
378380
378618
378904
379555
380078
380135
382235
383984
384050
384227
386049
386566
387777
389364
390189
390378
390956
392827
394243
394778
395335
396843
398356
398723
399352
400095
400277
400661
401241
401483
401514
404472
404899
407396
407417
411235
412425
413105
415877
415899
417748
417757
419329
420086
420487
421508
423422
424606
426499
426551
426588
428937
429048
430068
431298
431901
434091
434349
434382
435193
435847
436614
440054
440152
440319
441957
442801
445044
445254
445512
445881
446033
449542
453267
454566
459144
460257
460704
465098
465968
466944
467221
467569
468638
468672
469020
469409
469845
470146
470765
472649
474070
475158
476044
476696
477279
478566
479721
479955
480333
480340
481984
482572
486103
486651
486925
489292
490986
491744
492125
493114
493211
494282
495798
497276
499113
499930
500111
500771
501674
503615
503951
504697
505036
505258
507657
509433
510025
512849
512943
513473
514211
514489
515614
515705
516005
516887
517922
518357
518438
518884
518957
520100
520263
520426
521845
521939
523635
525105
526426
526463
529006
529071
530055
530474
530899
532113
532977
535820
537319
537520
538064
538335
538433
539402
540201
540993
543432
544105
545641
546256
546520
547981
548261
550642
551207
552391
552452
554019
555011
555978
556417
556615
556693
557418
557831
558641
558676
559233
560152
560934
562663
563104
565826
566231
570912
571791
572919
573087
573329
574039
574648
576985
578447
578942
578943
579471
580620
580735
582229
582901
583041
583779
585146
586183
586841
588093
588681
589731
591056
591646
593267
593720
595699
598385
599003
600838
601006
603131
604471
606476
607678
608474
608648
610965
611280
613044
613480
614203
616273
617959
618198
619015
619405
620038
625271
625549
625886
627106
628441
630372
631423
632420
632530
632704
632778
636979
637140
637430
637501
638104
638708
639418
639680
639734
639876
640052
642745
643021
643849
645651
646238
646479
647146
647491
648148
648679
651686
652299
653453
654489
654653
655040
655871
656510
657537
658879
659415
660076
660345
661990
663761
665324
669449
670064
670717
670781
670855
671467
673495
675284
676567
677117
677586
677901
678373
678563
681028
681894
683487
685555
687160
690026
690039
693189
695366
695949
698357
698399
700066
701060
702502
702625
702691
703688
703824
703979
705248
705604
705750
707467
708070
708754
709385
711060
711514
712153
712314
713254
713944
714125
715194
715954
718044
718505
718561
720810
721792
722266
724120
724487
725223
726185
731106
731587
732909
733680
735300
735993
738550
738749
742659
743168
746179
747298
750177
751446
752458
752519
752562
753691
754796
761430
762513
763176
764384
766283
768017
768282
769149
770733
771214
772517
775629
776132
777165
777639
779830
781685
782584
782712
783740
783743
787467
789180
789525
790085
790437
791764
794245
794882
795003
795590
796600
797484
798030
798668
799559
800050
801151
803279
803939
805242
806372
807402
808009
808872
809629
810666
811748
811889
813729
813741
814779
815457
816395
818955
821390
821922
825613
827155
828918
830018
830217
834232
834618
834816
836283
837455
837579
837692
838796
840105
841684
845274
846641
846700
847266
848096
849431
849642
850049
850331
851204
852157
852724
855127
855539
856176
857674
859044
862064
862622
864924
866176
866252
867654
868959
869001
869534
869680
871144
871429
872322
872455
873313
873888
874310
876194
876390
878682
880279
880755
882590
885085
885429
886037
890344
893143
894704
895072
895427
897108
898067
899899
900114
901366
902751
903821
903888
903925
904126
904717
905833
906309
906370
907319
908102
908431
909500
910234
911336
915937
917122
917312
917634
919167
919184
920599
921427
923167
924398
924571
924599
925134
925372
926679
927642
929793
931383
934284
938849
938851
939212
939914
940616
941834
941927
943214
943411
944567
944953
945209
945672
945907
946514
947663
948019
949654
950022
950235
951059
954019
954512
954630
955254
956790
956817
957416
957876
958396
959598
960753
961029
961204
963819
963848
964923
965113
965128
966452
966688
971218
971422
971538
972123
972400
972820
973391
973553
974953
975151
978625
978895
979017
980905
981297
981596
982034
982816
984894
986548
987159
987335
987480
989632
991120
991583
993797
996251
998590
998887
999437
